{
 "cells": [
  {
   "cell_type": "code",
   "execution_count": 22,
   "id": "7ef534aa",
   "metadata": {},
   "outputs": [],
   "source": [
    "def load_tsp_data(thirty_cities_names, thirty_cities_dist):\n",
    "    # Load city names\n",
    "    with open(thirty_cities_names, 'r') as f:\n",
    "        city_names = [line.strip() for line in f.readlines()]\n",
    "    # Load distance matrix\n",
    "    with open(thirty_cities_dist, 'r') as f:\n",
    "        distance_matrix = [list(map(float, line.split())) for line in f.readlines()]\n",
    "    return city_names, distance_matrix"
   ]
  },
  {
   "cell_type": "code",
   "execution_count": 26,
   "id": "e161d210",
   "metadata": {},
   "outputs": [
    {
     "name": "stdout",
     "output_type": "stream",
     "text": [
      "(['Azores', 'Baghdad', 'Berlin', 'Bombay', 'Buenos Aires', 'Cairo', 'Capetown', 'Chicago', 'Guam', 'Honolulu', 'Istanbul', 'Juneau', 'London', 'Manila', 'Melbourne', 'Mexico City', 'Montreal', 'Moscow', 'New Orleans', 'New York', 'Panama City', 'Paris', 'Rio de Janeiro', 'Rome', 'San Francisco', 'Santiago', 'Seattle', 'Shanghai', 'Sydney', 'Tokyo'], [[0.0, 39.0, 22.0, 59.0, 54.0, 33.0, 57.0, 32.0, 89.0, 73.0, 29.0, 46.0, 16.0, 83.0, 120.0, 45.0, 24.0, 32.0, 36.0, 25.0, 38.0, 16.0, 43.0, 21.0, 50.0, 57.0, 46.0, 72.0, 121.0, 73.0], [39.0, 0.0, 20.0, 20.0, 81.0, 8.0, 49.0, 64.0, 63.0, 84.0, 10.0, 61.0, 25.0, 49.0, 81.0, 81.0, 58.0, 16.0, 72.0, 60.0, 78.0, 24.0, 69.0, 18.0, 75.0, 88.0, 68.0, 44.0, 83.0, 52.0], [22.0, 20.0, 0.0, 39.0, 74.0, 18.0, 60.0, 44.0, 71.0, 73.0, 11.0, 46.0, 6.0, 61.0, 99.0, 61.0, 37.0, 10.0, 51.0, 40.0, 59.0, 5.0, 62.0, 7.0, 57.0, 78.0, 51.0, 51.0, 100.0, 56.0], [59.0, 20.0, 39.0, 0.0, 93.0, 27.0, 51.0, 81.0, 48.0, 80.0, 30.0, 69.0, 45.0, 32.0, 61.0, 97.0, 75.0, 31.0, 89.0, 78.0, 97.0, 44.0, 83.0, 38.0, 84.0, 100.0, 77.0, 31.0, 63.0, 42.0], [54.0, 81.0, 74.0, 93.0, 0.0, 73.0, 43.0, 56.0, 104.0, 76.0, 76.0, 77.0, 69.0, 111.0, 72.0, 46.0, 56.0, 84.0, 49.0, 53.0, 33.0, 69.0, 12.0, 69.0, 64.0, 7.0, 69.0, 122.0, 73.0, 114.0], [33.0, 8.0, 18.0, 27.0, 73.0, 0.0, 45.0, 61.0, 71.0, 88.0, 8.0, 63.0, 22.0, 57.0, 87.0, 77.0, 54.0, 18.0, 68.0, 56.0, 71.0, 20.0, 61.0, 13.0, 75.0, 80.0, 68.0, 52.0, 90.0, 60.0], [57.0, 49.0, 60.0, 51.0, 43.0, 45.0, 0.0, 85.0, 88.0, 115.0, 52.0, 103.0, 60.0, 75.0, 64.0, 85.0, 79.0, 63.0, 83.0, 78.0, 70.0, 58.0, 38.0, 52.0, 103.0, 49.0, 102.0, 81.0, 69.0, 92.0], [32.0, 64.0, 44.0, 81.0, 56.0, 61.0, 85.0, 0.0, 74.0, 43.0, 55.0, 23.0, 40.0, 81.0, 97.0, 17.0, 8.0, 50.0, 8.0, 7.0, 23.0, 41.0, 53.0, 48.0, 19.0, 53.0, 17.0, 70.0, 92.0, 63.0], [89.0, 63.0, 71.0, 48.0, 104.0, 71.0, 88.0, 74.0, 0.0, 38.0, 69.0, 51.0, 75.0, 16.0, 35.0, 75.0, 77.0, 61.0, 77.0, 80.0, 90.0, 76.0, 116.0, 76.0, 58.0, 98.0, 57.0, 19.0, 33.0, 16.0], [73.0, 84.0, 73.0, 80.0, 76.0, 88.0, 115.0, 43.0, 38.0, 0.0, 81.0, 28.0, 72.0, 53.0, 55.0, 38.0, 49.0, 70.0, 42.0, 50.0, 53.0, 75.0, 83.0, 80.0, 24.0, 69.0, 27.0, 49.0, 51.0, 39.0], [29.0, 10.0, 11.0, 30.0, 76.0, 8.0, 52.0, 55.0, 69.0, 81.0, 0.0, 55.0, 16.0, 57.0, 91.0, 71.0, 48.0, 11.0, 62.0, 50.0, 68.0, 14.0, 64.0, 9.0, 67.0, 81.0, 61.0, 49.0, 93.0, 56.0], [46.0, 61.0, 46.0, 69.0, 77.0, 63.0, 103.0, 23.0, 51.0, 28.0, 55.0, 0.0, 44.0, 59.0, 81.0, 32.0, 26.0, 46.0, 29.0, 29.0, 45.0, 47.0, 76.0, 53.0, 15.0, 73.0, 9.0, 49.0, 77.0, 40.0], [16.0, 25.0, 6.0, 45.0, 69.0, 22.0, 60.0, 40.0, 75.0, 72.0, 16.0, 44.0, 0.0, 67.0, 105.0, 56.0, 33.0, 16.0, 46.0, 35.0, 53.0, 2.0, 57.0, 9.0, 54.0, 72.0, 48.0, 57.0, 106.0, 60.0], [83.0, 49.0, 61.0, 32.0, 111.0, 57.0, 75.0, 81.0, 16.0, 53.0, 57.0, 59.0, 67.0, 0.0, 39.0, 88.0, 82.0, 51.0, 87.0, 85.0, 103.0, 67.0, 113.0, 65.0, 70.0, 109.0, 67.0, 12.0, 39.0, 19.0], [120.0, 81.0, 99.0, 61.0, 72.0, 87.0, 64.0, 97.0, 35.0, 55.0, 91.0, 81.0, 105.0, 39.0, 0.0, 84.0, 104.0, 90.0, 93.0, 104.0, 90.0, 104.0, 82.0, 99.0, 79.0, 70.0, 82.0, 50.0, 4.0, 51.0], [45.0, 81.0, 61.0, 97.0, 46.0, 77.0, 85.0, 17.0, 75.0, 38.0, 71.0, 32.0, 56.0, 88.0, 84.0, 0.0, 23.0, 67.0, 9.0, 21.0, 15.0, 57.0, 48.0, 64.0, 19.0, 41.0, 23.0, 80.0, 81.0, 70.0], [24.0, 58.0, 37.0, 75.0, 56.0, 54.0, 79.0, 8.0, 77.0, 49.0, 48.0, 26.0, 33.0, 82.0, 104.0, 23.0, 0.0, 44.0, 14.0, 3.0, 25.0, 34.0, 51.0, 41.0, 25.0, 54.0, 23.0, 70.0, 100.0, 65.0], [32.0, 16.0, 10.0, 32.0, 84.0, 18.0, 63.0, 50.0, 61.0, 70.0, 11.0, 46.0, 16.0, 51.0, 90.0, 67.0, 44.0, 0.0, 58.0, 47.0, 67.0, 16.0, 72.0, 15.0, 59.0, 88.0, 52.0, 42.0, 90.0, 47.0], [36.0, 72.0, 51.0, 89.0, 49.0, 68.0, 83.0, 8.0, 77.0, 42.0, 62.0, 29.0, 46.0, 87.0, 93.0, 9.0, 14.0, 58.0, 0.0, 12.0, 16.0, 48.0, 48.0, 55.0, 19.0, 45.0, 21.0, 77.0, 89.0, 69.0], [25.0, 60.0, 40.0, 78.0, 53.0, 56.0, 78.0, 7.0, 80.0, 50.0, 50.0, 29.0, 35.0, 85.0, 104.0, 21.0, 3.0, 47.0, 12.0, 0.0, 22.0, 36.0, 48.0, 43.0, 26.0, 51.0, 24.0, 73.0, 100.0, 68.0], [38.0, 78.0, 59.0, 97.0, 33.0, 71.0, 70.0, 23.0, 90.0, 53.0, 68.0, 45.0, 53.0, 103.0, 90.0, 15.0, 25.0, 67.0, 16.0, 22.0, 0.0, 54.0, 33.0, 59.0, 33.0, 31.0, 37.0, 93.0, 88.0, 84.0], [16.0, 24.0, 5.0, 44.0, 69.0, 20.0, 58.0, 41.0, 76.0, 75.0, 14.0, 47.0, 2.0, 67.0, 104.0, 57.0, 34.0, 16.0, 48.0, 36.0, 54.0, 0.0, 57.0, 7.0, 56.0, 72.0, 50.0, 57.0, 105.0, 61.0], [43.0, 69.0, 62.0, 83.0, 12.0, 61.0, 38.0, 53.0, 116.0, 83.0, 64.0, 76.0, 57.0, 113.0, 82.0, 48.0, 51.0, 72.0, 48.0, 48.0, 33.0, 57.0, 0.0, 57.0, 66.0, 18.0, 69.0, 113.0, 84.0, 115.0], [21.0, 18.0, 7.0, 38.0, 69.0, 13.0, 52.0, 48.0, 76.0, 80.0, 9.0, 53.0, 9.0, 65.0, 99.0, 64.0, 41.0, 15.0, 55.0, 43.0, 59.0, 7.0, 57.0, 0.0, 63.0, 74.0, 57.0, 57.0, 101.0, 61.0], [50.0, 75.0, 57.0, 84.0, 64.0, 75.0, 103.0, 19.0, 58.0, 24.0, 67.0, 15.0, 54.0, 70.0, 79.0, 19.0, 25.0, 59.0, 19.0, 26.0, 33.0, 56.0, 66.0, 63.0, 0.0, 59.0, 7.0, 61.0, 74.0, 52.0], [57.0, 88.0, 78.0, 100.0, 7.0, 80.0, 49.0, 53.0, 98.0, 69.0, 81.0, 73.0, 72.0, 109.0, 70.0, 41.0, 54.0, 88.0, 45.0, 51.0, 31.0, 72.0, 18.0, 74.0, 59.0, 0.0, 64.0, 117.0, 71.0, 107.0], [46.0, 68.0, 51.0, 77.0, 69.0, 68.0, 102.0, 17.0, 57.0, 27.0, 61.0, 9.0, 48.0, 67.0, 82.0, 23.0, 23.0, 52.0, 21.0, 24.0, 37.0, 50.0, 69.0, 57.0, 7.0, 64.0, 0.0, 57.0, 77.0, 48.0], [72.0, 44.0, 51.0, 31.0, 122.0, 52.0, 81.0, 70.0, 19.0, 49.0, 49.0, 49.0, 57.0, 12.0, 50.0, 80.0, 70.0, 42.0, 77.0, 73.0, 93.0, 57.0, 113.0, 57.0, 61.0, 117.0, 57.0, 0.0, 49.0, 11.0], [121.0, 83.0, 100.0, 63.0, 73.0, 90.0, 69.0, 92.0, 33.0, 51.0, 93.0, 77.0, 106.0, 39.0, 4.0, 81.0, 100.0, 90.0, 89.0, 100.0, 88.0, 105.0, 84.0, 101.0, 74.0, 71.0, 77.0, 49.0, 0.0, 48.0], [73.0, 52.0, 56.0, 42.0, 114.0, 60.0, 92.0, 63.0, 16.0, 39.0, 56.0, 40.0, 60.0, 19.0, 51.0, 70.0, 65.0, 47.0, 69.0, 68.0, 84.0, 61.0, 115.0, 61.0, 52.0, 107.0, 48.0, 11.0, 48.0, 0.0]])\n"
     ]
    }
   ],
   "source": [
    "print(load_tsp_data(\"thirty_cities_names.txt\", \"thirty_cities_dist.txt\"))"
   ]
  },
  {
   "cell_type": "code",
   "execution_count": 23,
   "id": "f1b4c1ee",
   "metadata": {},
   "outputs": [],
   "source": [
    "def tsp_greedy(thirty_cities_names,thirty_cities_dist):\n",
    "    # uses the helper function to load up the data\n",
    "    city_names, distance_matrix = load_tsp_data(thirty_cities_names, thirty_cities_dist)\n",
    "    n = len(city_names)\n",
    "    best_route = []\n",
    "    best_distance = float('inf') # float('inf') is a place holder which gets appended later on\n",
    "    # trys each city from starting point to find the smallest distance \n",
    "    for start_city in range(n):\n",
    "        visited = [start_city]\n",
    "        current_city = start_city\n",
    "        total_distance = 0\n",
    "        # starts trying to build a route\n",
    "        while len(visited) < n:\n",
    "            # finding the next unvisted city\n",
    "            nearest_city = None\n",
    "            nearest_distance = float('inf')\n",
    "            for next_city in range(n):\n",
    "                if next_city not in visited:\n",
    "                    distance = distance_matrix[current_city][next_city]\n",
    "                    if distance < nearest_distance:\n",
    "                        nearest_distance = distance\n",
    "                        nearest_city = next_city\n",
    "            # Moves to nearest city \n",
    "            visited.append(nearest_city)\n",
    "            total_distance += nearest_distance\n",
    "            current_city = nearest_city\n",
    "        # returns to starting city\n",
    "        total_distance += distance_matrix[current_city][start_city]\n",
    "        visited.append(start_city)\n",
    "        # checks for best route\n",
    "        if total_distance < best_distance:\n",
    "            best_distance = total_distance\n",
    "            best_route = visited[:]\n",
    "    # prints the results\n",
    "    route_names = [city_names[i] for i in best_route]\n",
    "    print(\"Best Greedy Route:\", \" -> \".join(route_names))\n",
    "    print(\"Total Distance:\", round(best_distance, 2))\n"
   ]
  },
  {
   "cell_type": "code",
   "execution_count": 21,
   "id": "b237fb6c",
   "metadata": {},
   "outputs": [
    {
     "name": "stdout",
     "output_type": "stream",
     "text": [
      "Best Greedy Route: Azores -> London -> Paris -> Berlin -> Rome -> Istanbul -> Cairo -> Baghdad -> Moscow -> Bombay -> Shanghai -> Tokyo -> Guam -> Manila -> Melbourne -> Sydney -> Honolulu -> San Francisco -> Seattle -> Juneau -> Chicago -> New York -> Montreal -> New Orleans -> Mexico City -> Panama City -> Santiago -> Buenos Aires -> Rio de Janeiro -> Capetown -> Azores\n",
      "Total Distance: 527.0\n"
     ]
    }
   ],
   "source": [
    "tsp_greedy(\"thirty_cities_names.txt\", \"thirty_cities_dist.txt\")"
   ]
  }
 ],
 "metadata": {
  "kernelspec": {
   "display_name": "Python 3",
   "language": "python",
   "name": "python3"
  },
  "language_info": {
   "codemirror_mode": {
    "name": "ipython",
    "version": 3
   },
   "file_extension": ".py",
   "mimetype": "text/x-python",
   "name": "python",
   "nbconvert_exporter": "python",
   "pygments_lexer": "ipython3",
   "version": "3.12.1"
  }
 },
 "nbformat": 4,
 "nbformat_minor": 5
}
